[ 0.5         0.5         0.5         0.5         0.5         0.56199919
  0.56199919  0.5         0.5         0.5         0.5         0.55408084
  0.5         0.5         0.5         0.55408084  0.55408084  0.55408084
  0.5         0.5         0.5         0.5         0.5         0.60389804
  0.60389804  0.5         0.5         0.5         0.5         0.5         0.5
  0.5         0.5         0.5         0.5         0.5         0.5         0.5
  0.5         0.5         0.5         0.5         0.5         0.55408084
  0.5         0.5         0.5         0.60389804  0.56199919  0.5         0.5
  0.56199919  0.5         0.56199919  0.5         0.5         0.5         0.5
  0.55096261  0.55096261  0.5         0.5         0.5         0.5         0.5
  0.5         0.5         0.5         0.5         0.5         0.5         0.5
  0.5         0.5         0.5         0.5         0.5         0.5
  0.56199919  0.5         0.5         0.55408084  0.5         0.5         0.5
  0.5         0.5         0.5         0.5       ]