[ 0.5         0.5         0.5         0.5         0.5         0.5         0.5
  0.5         0.56175254  0.5         0.5         0.56175254  0.5
  0.56175254  0.5         0.5         0.55270742  0.55270742  0.5         0.5
  0.5         0.5         0.61756441  0.5         0.5         0.56175254
  0.5         0.5         0.5         0.5         0.5         0.5
  0.56175254  0.56175254  0.5665054   0.5665054   0.5         0.5         0.5
  0.5         0.5         0.5         0.5         0.5         0.5         0.5
  0.5665054   0.5         0.5         0.5         0.5         0.5         0.5
  0.5         0.5         0.5         0.5         0.5         0.5         0.5
  0.5         0.5         0.61756441  0.61756441  0.5         0.5
  0.5665054   0.5       ]